F 1850.000000 1897.000000 3.717551 
F 1850.000000 1897.000000 3.717551 
F 1850.000000 1897.000000 3.717551 
F 1850.000000 1897.000000 3.717551 
F 1850.000000 1897.000000 3.717551 
F 1850.000000 1897.000000 3.717551 
F 1850.000000 1897.000000 3.717551 
F 1850.000000 1897.000000 3.717551 
F 1850.000000 1897.000000 3.717551 
F 1850.000000 1897.000000 3.717551 
F 1850.000000 1897.000000 3.717551 
F 1850.000000 1897.000000 3.717551 
F 1850.000000 1897.000000 3.717551 
F 1829.218582 1883.504389 3.717551 
F 1792.046186 1859.364353 3.717551 
F 1754.463195 1834.895466 3.719878 
F 1716.762560 1810.287489 3.719878 
F 1716.762560 1810.287489 3.719878 
F 1679.354178 1785.870271 3.719878 
F 1641.771187 1761.401384 3.717551 
F 1604.188196 1736.932497 3.719878 
F 1566.605205 1712.463610 3.717551 
F 1566.605205 1712.463610 3.717551 
F 1529.022214 1687.994723 3.719878 
F 1491.439222 1663.525836 3.717551 
F 1491.439222 1663.525836 3.717551 
F 1453.856231 1639.056949 3.719878 
F 1416.273240 1614.588062 3.717551 
F 1378.690249 1590.119175 3.719878 
F 1341.107258 1565.650288 3.717551 
F 1303.524267 1541.181400 3.719878 
F 1303.524267 1541.181400 3.719878 
F 1265.941276 1516.712513 3.717551 
F 1228.358285 1492.243626 3.719878 
F 1190.657649 1467.635649 3.719878 
F 1190.657649 1467.635649 3.719878 
F 1153.249267 1443.218431 3.719878 
F 1115.666276 1418.749544 3.717551 
F 1078.083285 1394.280657 3.719878 
F 1040.382650 1369.672680 3.719878 
F 1040.382650 1369.672680 3.719878 
F 1002.974268 1345.255462 3.719878 
F 965.391277 1320.786575 3.717551 
F 927.808285 1296.317688 3.719878 
F 927.808285 1296.317688 3.719878 
F 890.225294 1271.848801 3.717551 
F 852.642303 1247.379914 3.719878 
F 814.941668 1222.771936 3.719878 
F 776.948780 1197.973199 3.719878 
F 776.948780 1197.973199 3.719878 
F 739.365789 1173.504312 3.717551 
F 701.782798 1149.035425 3.719878 
F 664.199807 1124.566538 3.717551 
F 664.199807 1124.566538 3.717551 
F 626.616816 1100.097651 3.719878 
F 589.033824 1075.628764 3.717551 
F 551.450833 1051.159877 3.719878 
F 551.450833 1051.159877 3.719878 
F 513.867842 1026.690990 3.717551 
F 476.284851 1002.222103 3.719878 
F 438.532393 978.016401 3.703591 
F 399.756605 956.226155 3.603545 
F 399.756605 956.226155 3.603545 
F 358.538999 938.159974 3.505825 
F 315.905913 924.305317 3.405778 
F 272.282888 914.764260 3.308058 
F 227.937111 909.524783 3.210338 
F 227.937111 909.524783 3.210338 
F 183.465961 908.692097 3.110291 
F 138.438618 912.362026 3.010245 
F 95.032383 920.322149 2.910198 
F 51.937511 932.671881 2.814805 
F 51.937511 932.671881 2.814805 
F 10.385614 951.162634 2.630998 
F -26.040545 976.593272 2.433231 
F -56.504706 1007.976963 2.249425 
F -56.504706 1007.976963 2.249425 
F -79.658999 1041.771803 2.093538 
F -97.646328 1079.735492 1.932998 
F -109.325769 1119.367466 1.781765 
F -109.325769 1119.367466 1.781765 
F -114.829931 1160.139164 1.628205 
F -114.328686 1200.587193 1.488605 
F -107.457357 1242.206117 1.325738 
F -94.333546 1281.566031 1.172178 
F -94.333546 1281.566031 1.172178 
F -75.503360 1318.145413 1.018618 
F -51.018043 1351.637178 0.860405 
F -21.628051 1380.923107 0.706845 
F -21.628051 1380.923107 0.706845 
F 12.705866 1409.225203 0.671945 
F 47.835747 1437.101701 0.669618 
F 82.965628 1464.978198 0.671945 
F 117.653366 1492.569667 0.671945 
F 117.653366 1492.569667 0.671945 
F 152.783247 1520.446165 0.669618 
F 188.082360 1548.390092 0.669618 
F 223.655110 1576.550638 0.669618 
F 258.784991 1604.427136 0.671945 
F 258.784991 1604.427136 0.671945 
F 293.914872 1632.303633 0.669618 
F 328.666712 1659.814321 0.669618 
F 363.965825 1687.758248 0.669618 
F 363.965825 1687.758248 0.669618 
F 398.991302 1715.485556 0.669618 
F 434.290415 1743.429482 0.669618 
F 469.315892 1771.156790 0.669618 
F 504.615005 1799.100717 0.669618 
F 504.615005 1799.100717 0.669618 
F 539.790274 1826.352425 0.648678 
F 577.110459 1851.810896 0.548631 
F 617.082469 1871.625832 0.371805 
F 617.082469 1871.625832 0.371805 
F 660.198746 1883.694326 0.174038 
F 701.682801 1887.498291 0.008845 
F 743.086171 1884.777965 6.143123 
F 743.086171 1884.777965 6.143123 
F 783.105421 1876.010293 5.991890 
F 821.093232 1861.613530 5.849963 
F 857.303541 1841.358881 5.696403 
F 886.087082 1818.200475 5.514923 
F 886.087082 1818.200475 5.514923 
F 909.857889 1790.384357 5.324137 
F 927.997887 1758.605056 5.138003 
F 939.943464 1724.017678 4.951870 
F 939.943464 1724.017678 4.951870 
F 945.153727 1686.576582 4.749450 
F 942.861087 1649.539515 4.551683 
F 933.592659 1614.143414 4.360897 
F 917.727318 1578.066786 4.235257 
F 917.727318 1578.066786 4.235257 
F 897.018745 1537.894814 4.237583 
F 876.629996 1498.343259 4.235257 
F 856.115108 1458.660430 4.235257 
F 856.115108 1458.660430 4.235257 
F 835.246623 1418.178250 4.237583 
F 814.697962 1378.316486 4.235257 
F 794.149301 1338.454723 4.237583 
F 794.149301 1338.454723 4.237583 
F 773.886348 1299.034664 4.237583 
F 753.337687 1259.172900 4.235257 
F 732.789026 1219.311137 4.237583 
F 712.240365 1179.449373 4.235257 
F 691.691704 1139.587610 4.237583 
F 691.691704 1139.587610 4.237583 
F 671.109649 1099.546762 4.237583 
F 650.687145 1059.816309 4.237583 
F 630.105091 1019.775462 4.237583 
F 630.105091 1019.775462 4.237583 
F 609.337011 979.830967 4.228277 
F 585.167173 942.331471 4.051450 
F 555.767838 914.204867 3.758290 
F 526.674772 898.472910 3.516317 
F 526.674772 898.472910 3.516317 
F 493.969063 890.072610 3.269690 
F 461.414422 889.727497 3.034697 
F 429.195319 897.199465 2.792723 
F 429.195319 897.199465 2.792723 
F 399.161661 912.626310 2.541443 
F 374.530082 934.178044 2.304123 
F 355.724278 960.753699 2.069130 
F 343.742318 990.280975 1.843443 
F 343.742318 990.280975 1.843443 
F 338.700872 1022.269988 1.610777 
F 341.197636 1054.906677 1.378110 
F 350.753502 1097.287087 1.319943 
F 350.753502 1097.287087 1.319943 
F 361.849269 1140.378972 1.317617 
F 373.038871 1183.626867 1.317617 
F 384.315891 1227.212636 1.317617 
F 395.418075 1270.122656 1.317617 
F 395.418075 1270.122656 1.317617 
F 406.695095 1313.708425 1.317617 
F 417.972116 1357.294194 1.317617 
F 429.161718 1400.542089 1.317617 
F 440.438738 1444.127858 1.317617 
F 440.438738 1444.127858 1.317617 
F 453.829218 1487.459678 1.224550 
F 471.131844 1528.813646 1.124503 
F 492.478376 1568.232640 1.024457 
F 492.478376 1568.232640 1.024457 
F 517.514847 1605.207973 0.926737 
F 546.262203 1639.832640 0.829017 
F 577.914362 1671.081917 0.728970 
F 577.914362 1671.081917 0.728970 
F 612.824096 1698.917590 0.617290 
F 651.714755 1721.102690 0.419523 
F 693.875606 1735.104299 0.221757 
F 734.941902 1741.002466 0.063543 
F 734.941902 1741.002466 0.063543 
F 775.740955 1740.747194 6.207129 
F 815.582138 1734.847170 6.065202 
F 855.282910 1722.793707 5.911642 
F 894.785284 1706.008957 5.851149 
F 894.785284 1706.008957 5.851149 
F 935.352589 1687.303841 5.851149 
F 975.919894 1668.598726 5.851149 
F 1016.170267 1650.039744 5.851149 
F 1016.170267 1650.039744 5.851149 
F 1057.190918 1631.067699 5.848822 
F 1097.398002 1612.415118 5.848822 
F 1138.238268 1593.468796 5.848822 
F 1179.078534 1574.522474 5.848822 
F 1179.078534 1574.522474 5.848822 
F 1219.602208 1555.723023 5.848822 
F 1259.781479 1535.055877 5.767389 
F 1297.504136 1511.160245 5.669669 
F 1297.504136 1511.160245 5.669669 
F 1332.545396 1483.765236 5.569622 
F 1365.179221 1452.524821 5.469575 
F 1394.002678 1418.877031 5.371855 
F 1394.002678 1418.877031 5.371855 
F 1418.395257 1381.102827 5.199682 
F 1435.334398 1339.843779 5.004242 
F 1444.035983 1298.394763 4.834395 
F 1446.706264 1256.623639 4.718062 
F 1446.706264 1256.623639 4.718062 
F 1446.961664 1211.603363 4.718062 
F 1447.213104 1167.281077 4.718062 
F 1445.850707 1122.465000 4.645935 
F 1440.784245 1078.273854 4.550542 
F 1440.784245 1078.273854 4.550542 
F 1431.269790 1034.289811 4.448169 
F 1417.305808 991.325440 4.348122 
F 1399.378240 950.427978 4.250402 
F 1399.378240 950.427978 4.250402 
F 1377.415720 911.348837 4.150355 
F 1352.002172 875.056730 4.052635 
F 1322.334806 840.525305 3.952589 
F 1290.538302 810.174741 3.854869 
F 1290.538302 810.174741 3.854869 
F 1255.108403 782.425863 3.757149 
F 1216.790841 758.168817 3.654775 
F 1176.552449 738.015659 3.557055 
F 1176.552449 738.015659 3.557055 
F 1135.010588 722.120681 3.457009 
F 1091.752228 710.362881 3.356962 
F 1047.371562 702.904028 3.259242 
F 1003.170980 699.858697 3.161522 
F 1003.170980 699.858697 3.161522 
F 958.510449 700.423418 3.096375 
F 913.707471 702.398449 3.098702 
F 868.727875 704.328841 3.098702 
F 868.727875 704.328841 3.098702 
F 824.096958 706.244268 3.098702 
F 779.293979 708.219300 3.096375 
F 734.491001 710.194331 3.098702 
F 689.162726 712.139687 3.098702 
F 689.162726 712.139687 3.098702 
F 644.506113 716.091379 3.007962 
F 601.279517 724.068584 2.910242 
F 557.879445 736.613053 2.810195 
F 557.879445 736.613053 2.810195 
F 516.090965 753.316377 2.712475 
F 476.056010 773.119948 2.651982 
F 436.453757 794.164406 2.654309 
F 397.159692 815.045094 2.651982 
F 397.159692 815.045094 2.651982 
F 357.735938 836.053549 2.651982 
F 318.133685 857.098007 2.654309 
F 278.531432 878.142465 2.651982 
F 278.531432 878.142465 2.651982 
F 238.312802 899.514463 2.654309 
F 199.148653 920.267723 2.654309 
F 159.546400 941.312182 2.651982 
F 159.546400 941.312182 2.651982 
F 119.814648 962.484765 2.651982 
F 80.212395 983.529223 2.654309 
F 40.610142 1004.573681 2.651982 
F 2.548833 1024.799289 2.654309 
F -3.152659 1027.829035 2.651982 
F -3.152659 1027.829035 2.651982 
F -3.152659 1027.829035 2.651982 
F -3.152659 1027.829035 2.651982 
F -3.152659 1027.829035 2.651982 
F -3.152659 1027.829035 2.651982 
F -3.152659 1027.829035 2.651982 
F -3.152659 1027.829035 2.651982 
